   103.946518972712     
   104.105749488182     
   104.237096415896     
   104.433921576091     
   104.627255200318     
   104.778834322572     
   104.996674080157     
   105.162411811576     
   105.393292676383     
   105.609094486333     
   105.853605188268     
   106.041170600606     
   106.305081973033     
   106.506898010112     
   106.790035713735     
   107.062405610150     
   107.272416927205     
   107.569723374927     
   107.792939533665     
   108.101101354754     
   108.324287740771     
   108.621470843457     
   108.831662365902     
   109.103434609169     
   109.338463779942     
   109.491455923766     
   109.671328500637     
   109.763904161584     
   109.834411397367     
   109.815313717093     
   109.693074822536     
   109.475017652169     
   109.006861196138     
   108.321558512372     
   107.568520143105     
   106.215678942270     
   104.541097218581     
   101.384828081771     
   97.9403062049642     
   94.2840072064069     
   87.9292805693193     
   79.3768982151472     
   71.3899335767080     
   58.8263148054864     
   44.4648241579167     
   35.7414467618756     
   26.1335301728461     
   20.3348101678798     
   17.6601838638726     
   16.3923871124064     
   17.5540645850017     
   20.2774292249933     
   26.8277172741461     
   36.4079718060442     
   45.0818144612932     
   59.0554714620229     
   68.7507620610746     
   80.0575053615522     
   87.0722310634548     
   94.2216293028293     
   98.3040732248575     
   102.075486724417     
   104.240283874729     
   106.301694213005     
   107.429643733418     
   108.414757206884     
   109.111952950615     
   109.464184279875     
   109.720373091331     
   109.821099225203     
   109.837733229851     
   109.794919769898     
   109.662212355273     
   109.531592350653     
   109.310105590461     
   109.126695442870     
   108.851682802881     
   108.581191031990     
   108.371765224971     
   108.074263177311     
   107.853549114211     
   107.553537382939     
   107.274212504398     
   107.065556054894     
   106.778938721838     
   106.569606713769     
   106.289512528755     
   106.033771039086     
   105.847143173332     
   105.596670326568     
   105.417966378690     
   105.184642043666     
   104.971067993808     
   104.813588235738     
   104.600017106192     
   104.447935591970     
   104.249789216563     
   104.067774929126     
   103.930943279312     
                     NaN
                     NaN
