  -4900.00000000000     
  -4800.00000000000     
  -4700.00000000000     
  -4600.00000000000     
  -4500.00000000000     
  -4400.00000000000     
  -4300.00000000000     
  -4200.00000000000     
  -4100.00000000000     
  -4000.00000000000     
  -3900.00000000000     
  -3800.00000000000     
  -3700.00000000000     
  -3600.00000000000     
  -3500.00000000000     
  -3400.00000000000     
  -3300.00000000000     
  -3200.00000000000     
  -3100.00000000000     
  -3000.00000000000     
  -2900.00000000000     
  -2800.00000000000     
  -2700.00000000000     
  -2600.00000000000     
  -2500.00000000000     
  -2400.00000000000     
  -2300.00000000000     
  -2200.00000000000     
  -2100.00000000000     
  -2000.00000000000     
  -1900.00000000000     
  -1800.00000000000     
  -1700.00000000000     
  -1600.00000000000     
  -1500.00000000000     
  -1400.00000000000     
  -1300.00000000000     
  -1200.00000000000     
  -1100.00000000000     
  -1000.00000000000     
  -900.000000000000     
  -800.000000000000     
  -700.000000000000     
  -600.000000000000     
  -500.000000000000     
  -400.000000000000     
  -300.000000000000     
  -200.000000000000     
  -100.000000000000     
  0.000000000000000E+000
   100.000000000000     
   200.000000000000     
   300.000000000000     
   400.000000000000     
   500.000000000000     
   600.000000000000     
   700.000000000000     
   800.000000000000     
   900.000000000000     
   1000.00000000000     
   1100.00000000000     
   1200.00000000000     
   1300.00000000000     
   1400.00000000000     
   1500.00000000000     
   1600.00000000000     
   1700.00000000000     
   1800.00000000000     
   1900.00000000000     
   2000.00000000000     
   2100.00000000000     
   2200.00000000000     
   2300.00000000000     
   2400.00000000000     
   2500.00000000000     
   2600.00000000000     
   2700.00000000000     
   2800.00000000000     
   2900.00000000000     
   3000.00000000000     
   3100.00000000000     
   3200.00000000000     
   3300.00000000000     
   3400.00000000000     
   3500.00000000000     
   3600.00000000000     
   3700.00000000000     
   3800.00000000000     
   3900.00000000000     
   4000.00000000000     
   4100.00000000000     
   4200.00000000000     
   4300.00000000000     
   4400.00000000000     
   4500.00000000000     
   4600.00000000000     
   4700.00000000000     
   4800.00000000000     
   4900.00000000000     
  6.126463414996041E-319
  6.126463414996041E-319
